13110400 002 3 061 1522 1002     035     00000 0000 90060 0060          
13110406 002 3 062 1504 1000     035     00000 0000 90060 0060          
13110412 002 3 063 1488  998     040     00000 0000 90100 0100          
13110418 002 3 065 1472  992     045     00000 0000 90120 0120          
13110500 002 4 065 1459  985     055     90030 0030 90120 0120          
13110506 002 4 065 1446  980     060     90040 0040 90120 0120          
13110512 002 5 069 1429  975     065     90050 0050 90150 0150          
13110518 002 5 071 1413  965     075     90060 0060 90150 0150          
13110600 002 5 073 1397  950     085     90060 0060 10180 0150          
13110606 002 5 076 1380  930     095     90060 0060 10180 0150          
13110612 002 5 079 1362  920     105     90070 0070 10200 0150          
13110618 002 5 082 1344  905     115     90070 0070 10200 0150          
13110700 002 5 087 1328  905     115     90070 0070 10200 0150          
13110706 002 5 093 1311  905     115     90070 0070 10230 0150          
13110712 002 5 102 1291  895     125     90080 0080 80250 0180          
13110718 002 5 106 1269  895     125     90080 0080 80250 0180          
13110800 002 5 110 1248  910     110     90070 0070 80250 0180          
13110806 002 5 114 1225  940     090     90070 0070 80270 0180          
13110812 002 5 119 1205  940     090     90070 0070 10270 0180          
13110818 002 5 122 1180  940     090     90080 0080 10270 0180          
13110900 002 5 123 1166  940     090     90080 0080 10240 0180          
13110906 002 5 135 1148  940     090     90080 0080 10240 0180          
13110912 002 5 144 1131  945     085     90080 0080 10240 0180          
13110918 002 5 154 1114  950     080     90080 0080 10240 0180          
13111000 002 5 165 1103  955     075     90080 0080 10240 0180          
13111006 002 5 179 1090  960     070     90080 0080 10240 0180          
13111012 002 5 194 1080  965     065     90080 0080 10200 0150          
13111018 002 4 204 1075  975     060     90050 0050 90150 0150          
13111100 002 3 215 1071  990     040     00000 0000 90120 0120  
